0.0024 0.8462
0.0024 0.8972
0.0024 0.9302
0.0024 0.9542
0.0024 0.9692
0.0024 0.9782
0.0024 0.9857
0.0024 0.9908
0.0024 0.9942
0.0024 0.9976
0.0024 1.001
0.0024 1.0044
0.0024 1.0095
0.0024 1.017
0.0024 1.026
0.0024 1.041
0.0024 1.065
0.0024 1.098
0.0024 1.149
0.0058 0.8462
0.0058 0.8972
0.0058 0.9302
0.0058 0.9542
0.0058 0.9692
0.0058 0.9782
0.0058 0.9857
0.0058 0.9908
0.0058 0.9942
0.0058 0.9976
0.0058 1.001
0.0058 1.0044
0.0058 1.0095
0.0058 1.017
0.0058 1.026
0.0058 1.041
0.0058 1.065
0.0058 1.098
0.0058 1.149
0.0092 0.8462
0.0092 0.8972
0.0092 0.9302
0.0092 0.9542
0.0092 0.9692
0.0092 0.9782
0.0092 0.9857
0.0092 0.9908
0.0092 0.9942
0.0092 0.9976
0.0092 1.001
0.0092 1.0044
0.0092 1.0095
0.0092 1.017
0.0092 1.026
0.0092 1.041
0.0092 1.065
0.0092 1.098
0.0092 1.149
0.0126 0.8462
0.0126 0.8972
0.0126 0.9302
0.0126 0.9542
0.0126 0.9692
0.0126 0.9782
0.0126 0.9857
0.0126 0.9908
0.0126 0.9942
0.0126 0.9976
0.0126 1.001
0.0126 1.0044
0.0126 1.0095
0.0126 1.017
0.0126 1.026
0.0126 1.041
0.0126 1.065
0.0126 1.098
0.0126 1.149
0.016 0.8462
0.016 0.8972
0.016 0.9302
0.016 0.9542
0.016 0.9692
0.016 0.9782
0.016 0.9857
0.016 0.9908
0.016 0.9942
0.016 0.9976
0.016 1.001
0.016 1.0044
0.016 1.0095
0.016 1.017
0.016 1.026
0.016 1.041
0.016 1.065
0.016 1.098
0.016 1.149
0.0211 0.8462
0.0211 0.8972
0.0211 0.9302
0.0211 0.9542
0.0211 0.9692
0.0211 0.9782
0.0211 0.9857
0.0211 0.9908
0.0211 0.9976
0.0211 1.0044
0.0211 1.0095
0.0211 1.017
0.0211 1.026
0.0211 1.041
0.0211 1.065
0.0211 1.098
0.0211 1.149
0.0286 0.8462
0.0286 0.8972
0.0286 0.9302
0.0286 0.9542
0.0286 0.9692
0.0286 0.9782
0.0286 0.9857
0.0286 0.9908
0.0286 0.9976
0.0286 1.0044
0.0286 1.0095
0.0286 1.017
0.0286 1.026
0.0286 1.041
0.0286 1.065
0.0286 1.098
0.0286 1.149
0.0376 0.8462
0.0376 0.8972
0.0376 0.9302
0.0376 0.9542
0.0376 0.9692
0.0376 0.9782
0.0376 0.9857
0.0376 0.9908
0.0376 0.9976
0.0376 1.0044
0.0376 1.0095
0.0376 1.017
0.0376 1.026
0.0376 1.041
0.0376 1.065
0.0376 1.098
0.0376 1.149
0.0526 0.8462
0.0526 0.8972
0.0526 0.9302
0.0526 0.9542
0.0526 0.9692
0.0526 0.9782
0.0526 0.9857
0.0526 0.9908
0.0526 0.9976
0.0526 1.0044
0.0526 1.0095
0.0526 1.017
0.0526 1.026
0.0526 1.041
0.0526 1.065
0.0526 1.098
0.0526 1.149
0.0766 0.8462
0.0766 0.8972
0.0766 0.9302
0.0766 0.9542
0.0766 0.9692
0.0766 0.9782
0.0766 0.9857
0.0766 0.9908
0.0766 0.9976
0.0766 1.0044
0.0766 1.0095
0.0766 1.017
0.0766 1.026
0.0766 1.041
0.0766 1.065
0.0766 1.098
0.0766 1.149
0.1096 0.8972
0.1096 0.9302
0.1096 0.9542
0.1096 0.9692
0.1096 0.9782
0.1096 0.9857
0.1096 0.9908
0.1096 0.9976
0.1096 1.0044
0.1096 1.0095
0.1096 1.017
0.1096 1.026
0.1096 1.041
0.1096 1.065
0.1096 1.098
0.1606 0.8972
0.1606 0.9302
0.1606 0.9542
0.1606 0.9692
0.1606 0.9782
0.1606 0.9857
0.1606 0.9908
0.1606 0.9976
0.1606 1.0044
0.1606 1.0095
0.1606 1.017
0.1606 1.026
0.1606 1.041
0.1606 1.065
0.1606 1.098
0.2386 0.9302
0.2386 0.9542
0.2386 0.9692
0.2386 0.9782
0.2386 0.9857
0.2386 0.9908
0.2386 0.9976
0.2386 1.0044
0.2386 1.0095
0.2386 1.017
0.2386 1.026
0.2386 1.041
0.2386 1.065
