0.0024 1.9976
0.0058 1.9976
0.0092 1.9976
0.0126 1.9976
0.016 1.9976
0.0211 1.9976
0.0286 1.9973
0.0376 1.9973
0.0526 1.9973
0.0766 1.9973
0.1096 1.9973
0.1606 1.9973
0.2386 1.9973
0.3526 1.9973
0.5266 1.9973
0.0024 1.9942
0.0058 1.9942
0.0092 1.9942
0.0126 1.9942
0.016 1.9942
0.0211 1.9942
0.0286 1.9939
0.0376 1.9939
0.0526 1.9939
0.0766 1.9939
0.1096 1.9939
0.1606 1.9939
0.2386 1.9939
0.3526 1.9939
0.5266 1.9939
0.0024 1.9908
0.0058 1.9908
0.0092 1.9908
0.0126 1.9908
0.016 1.9908
0.0211 1.9908
0.0286 1.9905
0.0376 1.9905
0.0526 1.9905
0.0766 1.9905
0.1096 1.9905
0.1606 1.9905
0.2386 1.9905
0.3526 1.9905
0.5266 1.9905
0.0024 1.9874
0.0058 1.9874
0.0092 1.9874
0.0126 1.9874
0.016 1.9874
0.0211 1.9874
0.0286 1.9871
0.0376 1.9871
0.0526 1.9871
0.0766 1.9871
0.1096 1.9871
0.1606 1.9871
0.2386 1.9871
0.3526 1.9871
0.5266 1.9871
0.0024 1.984
0.0058 1.984
0.0092 1.984
0.0126 1.984
0.016 1.984
0.0211 1.984
0.0286 1.9837
0.0376 1.9837
0.0526 1.9837
0.0766 1.9837
0.1096 1.9837
0.1606 1.9837
0.2386 1.9837
0.3526 1.9837
0.5266 1.9837
0.0024 1.9789
0.0058 1.9789
0.0092 1.9789
0.0126 1.9789
0.016 1.9789
0.0211 1.9789
0.0286 1.9786
0.0376 1.9786
0.0526 1.9786
0.0766 1.9786
0.1096 1.9786
0.1606 1.9786
0.2386 1.9786
0.3526 1.9786
0.5266 1.9786
0.0024 1.9714
0.0058 1.9714
0.0092 1.9714
0.0126 1.9714
0.016 1.9714
0.0211 1.9714
0.0286 1.9711
0.0376 1.9711
0.0526 1.9711
0.0766 1.9711
0.1096 1.9711
0.1606 1.9711
0.2386 1.9711
0.3526 1.9711
0.5266 1.9711
0.0024 1.9624
0.0058 1.9624
0.0092 1.9624
0.0126 1.9624
0.016 1.9624
0.0211 1.9624
0.0286 1.9621
0.0376 1.9621
0.0526 1.9621
0.0766 1.9621
0.1096 1.9621
0.1606 1.9621
0.2386 1.9621
0.3526 1.9621
0.5266 1.9621
0.0024 1.9474
0.0058 1.9474
0.0092 1.9474
0.0126 1.9474
0.016 1.9474
0.0211 1.9474
0.0286 1.9471
0.0376 1.9471
0.0526 1.9471
0.0766 1.9471
0.1096 1.9471
0.1606 1.9471
0.2386 1.9471
0.3526 1.9471
0.5266 1.9471
0.0024 1.9234
0.0058 1.9234
0.0092 1.9234
0.0126 1.9234
0.016 1.9234
0.0211 1.9234
0.0286 1.9231
0.0376 1.9231
0.0526 1.9231
0.0766 1.9231
0.1096 1.9231
0.1606 1.9231
0.2386 1.9231
0.3526 1.9231
0.5266 1.9231
0.0024 1.8904
0.0058 1.8904
0.0092 1.8904
0.0126 1.8904
0.016 1.8904
0.0211 1.8904
0.0286 1.8901
0.0376 1.8901
0.0526 1.8901
0.0766 1.8901
0.1096 1.8901
0.1606 1.8901
0.2386 1.8901
0.3526 1.8901
0.5266 1.8901
0.0024 1.8394
0.0058 1.8394
0.0092 1.8394
0.0126 1.8394
0.016 1.8394
0.0211 1.8394
0.0286 1.8391
0.0376 1.8391
0.0526 1.8391
0.0766 1.8391
0.1096 1.8391
0.1606 1.8391
0.2386 1.8391
0.3526 1.8391
0.5266 1.8391
0.0024 1.7614
0.0058 1.7614
0.0092 1.7614
0.0126 1.7614
0.016 1.7614
0.0211 1.7614
0.0286 1.7611
0.0376 1.7611
0.0526 1.7611
0.0766 1.7611
0.1096 1.7611
0.1606 1.7611
0.2386 1.7611
0.3526 1.7611
0.5266 1.7611
0.0024 1.6474
0.0058 1.6474
0.0092 1.6474
0.0126 1.6474
0.016 1.6474
0.0211 1.6474
0.0286 1.6471
0.0376 1.6471
0.0526 1.6471
0.0766 1.6471
0.1096 1.6471
0.1606 1.6471
0.2386 1.6471
0.3526 1.6471
0.5266 1.6471
0.0024 1.4734
0.0058 1.4734
0.0092 1.4734
0.0126 1.4734
0.016 1.4734
0.0211 1.4734
0.0286 1.4731
0.0376 1.4731
0.0526 1.4731
0.0766 1.4731
0.1096 1.4731
0.1606 1.4731
0.2386 1.4731
0.3526 1.4731
