0.9976 1.9976
0.9942 1.9976
0.9908 1.9976
0.9874 1.9976
0.984 1.9976
0.9789 1.9976
0.9714 1.9973
0.9624 1.9973
0.9474 1.9973
0.9234 1.9973
0.8904 1.9973
0.8394 1.9973
0.7614 1.9973
0.6474 1.9973
0.4734 1.9973
0.9976 1.9942
0.9942 1.9942
0.9908 1.9942
0.9874 1.9942
0.984 1.9942
0.9789 1.9942
0.9714 1.9939
0.9624 1.9939
0.9474 1.9939
0.9234 1.9939
0.8904 1.9939
0.8394 1.9939
0.7614 1.9939
0.6474 1.9939
0.4734 1.9939
0.9976 1.9908
0.9942 1.9908
0.9908 1.9908
0.9874 1.9908
0.984 1.9908
0.9789 1.9908
0.9714 1.9905
0.9624 1.9905
0.9474 1.9905
0.9234 1.9905
0.8904 1.9905
0.8394 1.9905
0.7614 1.9905
0.6474 1.9905
0.4734 1.9905
0.9976 1.9874
0.9942 1.9874
0.9908 1.9874
0.9874 1.9874
0.984 1.9874
0.9789 1.9874
0.9714 1.9871
0.9624 1.9871
0.9474 1.9871
0.9234 1.9871
0.8904 1.9871
0.8394 1.9871
0.7614 1.9871
0.6474 1.9871
0.4734 1.9871
0.9976 1.984
0.9942 1.984
0.9908 1.984
0.9874 1.984
0.984 1.984
0.9789 1.984
0.9714 1.9837
0.9624 1.9837
0.9474 1.9837
0.9234 1.9837
0.8904 1.9837
0.8394 1.9837
0.7614 1.9837
0.6474 1.9837
0.4734 1.9837
0.9976 1.9789
0.9942 1.9789
0.9908 1.9789
0.9874 1.9789
0.984 1.9789
0.9789 1.9789
0.9714 1.9786
0.9624 1.9786
0.9474 1.9786
0.9234 1.9786
0.8904 1.9786
0.8394 1.9786
0.7614 1.9786
0.6474 1.9786
0.4734 1.9786
0.9976 1.9714
0.9942 1.9714
0.9908 1.9714
0.9874 1.9714
0.984 1.9714
0.9789 1.9714
0.9714 1.9711
0.9624 1.9711
0.9474 1.9711
0.9234 1.9711
0.8904 1.9711
0.8394 1.9711
0.7614 1.9711
0.6474 1.9711
0.4734 1.9711
0.9976 1.9624
0.9942 1.9624
0.9908 1.9624
0.9874 1.9624
0.984 1.9624
0.9789 1.9624
0.9714 1.9621
0.9624 1.9621
0.9474 1.9621
0.9234 1.9621
0.8904 1.9621
0.8394 1.9621
0.7614 1.9621
0.6474 1.9621
0.4734 1.9621
0.9976 1.9474
0.9942 1.9474
0.9908 1.9474
0.9874 1.9474
0.984 1.9474
0.9789 1.9474
0.9714 1.9471
0.9624 1.9471
0.9474 1.9471
0.9234 1.9471
0.8904 1.9471
0.8394 1.9471
0.7614 1.9471
0.6474 1.9471
0.4734 1.9471
0.9976 1.9234
0.9942 1.9234
0.9908 1.9234
0.9874 1.9234
0.984 1.9234
0.9789 1.9234
0.9714 1.9231
0.9624 1.9231
0.9474 1.9231
0.9234 1.9231
0.8904 1.9231
0.8394 1.9231
0.7614 1.9231
0.6474 1.9231
0.4734 1.9231
0.9976 1.8904
0.9942 1.8904
0.9908 1.8904
0.9874 1.8904
0.984 1.8904
0.9789 1.8904
0.9714 1.8901
0.9624 1.8901
0.9474 1.8901
0.9234 1.8901
0.8904 1.8901
0.8394 1.8901
0.7614 1.8901
0.6474 1.8901
0.4734 1.8901
0.9976 1.8394
0.9942 1.8394
0.9908 1.8394
0.9874 1.8394
0.984 1.8394
0.9789 1.8394
0.9714 1.8391
0.9624 1.8391
0.9474 1.8391
0.9234 1.8391
0.8904 1.8391
0.8394 1.8391
0.7614 1.8391
0.6474 1.8391
0.4734 1.8391
0.9976 1.7614
0.9942 1.7614
0.9908 1.7614
0.9874 1.7614
0.984 1.7614
0.9789 1.7614
0.9714 1.7611
0.9624 1.7611
0.9474 1.7611
0.9234 1.7611
0.8904 1.7611
0.8394 1.7611
0.7614 1.7611
0.6474 1.7611
0.4734 1.7611
0.9976 1.6474
0.9942 1.6474
0.9908 1.6474
0.9874 1.6474
0.984 1.6474
0.9789 1.6474
0.9714 1.6471
0.9624 1.6471
0.9474 1.6471
0.9234 1.6471
0.8904 1.6471
0.8394 1.6471
0.7614 1.6471
0.6474 1.6471
0.4734 1.6471
0.9976 1.4734
0.9942 1.4734
0.9908 1.4734
0.9874 1.4734
0.984 1.4734
0.9789 1.4734
0.9714 1.4731
0.9624 1.4731
0.9474 1.4731
0.9234 1.4731
0.8904 1.4731
0.8394 1.4731
0.7614 1.4731
0.6474 1.4731
