0.9976 0.8462
0.9976 0.8972
0.9976 0.9302
0.9976 0.9542
0.9976 0.9692
0.9976 0.9782
0.9976 0.9857
0.9976 0.9908
0.9976 0.9942
0.9976 0.9976
0.9976 1.001
0.9976 1.0044
0.9976 1.0095
0.9976 1.017
0.9976 1.026
0.9976 1.041
0.9976 1.065
0.9976 1.098
0.9976 1.149
0.9942 0.8462
0.9942 0.8972
0.9942 0.9302
0.9942 0.9542
0.9942 0.9692
0.9942 0.9782
0.9942 0.9857
0.9942 0.9908
0.9942 0.9942
0.9942 0.9976
0.9942 1.001
0.9942 1.0044
0.9942 1.0095
0.9942 1.017
0.9942 1.026
0.9942 1.041
0.9942 1.065
0.9942 1.098
0.9942 1.149
0.9908 0.8462
0.9908 0.8972
0.9908 0.9302
0.9908 0.9542
0.9908 0.9692
0.9908 0.9782
0.9908 0.9857
0.9908 0.9908
0.9908 0.9942
0.9908 0.9976
0.9908 1.001
0.9908 1.0044
0.9908 1.0095
0.9908 1.017
0.9908 1.026
0.9908 1.041
0.9908 1.065
0.9908 1.098
0.9908 1.149
0.9874 0.8462
0.9874 0.8972
0.9874 0.9302
0.9874 0.9542
0.9874 0.9692
0.9874 0.9782
0.9874 0.9857
0.9874 0.9908
0.9874 0.9942
0.9874 0.9976
0.9874 1.001
0.9874 1.0044
0.9874 1.0095
0.9874 1.017
0.9874 1.026
0.9874 1.041
0.9874 1.065
0.9874 1.098
0.9874 1.149
0.984 0.8462
0.984 0.8972
0.984 0.9302
0.984 0.9542
0.984 0.9692
0.984 0.9782
0.984 0.9857
0.984 0.9908
0.984 0.9942
0.984 0.9976
0.984 1.001
0.984 1.0044
0.984 1.0095
0.984 1.017
0.984 1.026
0.984 1.041
0.984 1.065
0.984 1.098
0.984 1.149
0.9789 0.8462
0.9789 0.8972
0.9789 0.9302
0.9789 0.9542
0.9789 0.9692
0.9789 0.9782
0.9789 0.9857
0.9789 0.9908
0.9789 0.9976
0.9789 1.0044
0.9789 1.0095
0.9789 1.017
0.9789 1.026
0.9789 1.041
0.9789 1.065
0.9789 1.098
0.9789 1.149
0.9714 0.8462
0.9714 0.8972
0.9714 0.9302
0.9714 0.9542
0.9714 0.9692
0.9714 0.9782
0.9714 0.9857
0.9714 0.9908
0.9714 0.9976
0.9714 1.0044
0.9714 1.0095
0.9714 1.017
0.9714 1.026
0.9714 1.041
0.9714 1.065
0.9714 1.098
0.9714 1.149
0.9624 0.8462
0.9624 0.8972
0.9624 0.9302
0.9624 0.9542
0.9624 0.9692
0.9624 0.9782
0.9624 0.9857
0.9624 0.9908
0.9624 0.9976
0.9624 1.0044
0.9624 1.0095
0.9624 1.017
0.9624 1.026
0.9624 1.041
0.9624 1.065
0.9624 1.098
0.9624 1.149
0.9474 0.8462
0.9474 0.8972
0.9474 0.9302
0.9474 0.9542
0.9474 0.9692
0.9474 0.9782
0.9474 0.9857
0.9474 0.9908
0.9474 0.9976
0.9474 1.0044
0.9474 1.0095
0.9474 1.017
0.9474 1.026
0.9474 1.041
0.9474 1.065
0.9474 1.098
0.9474 1.149
0.9234 0.8462
0.9234 0.8972
0.9234 0.9302
0.9234 0.9542
0.9234 0.9692
0.9234 0.9782
0.9234 0.9857
0.9234 0.9908
0.9234 0.9976
0.9234 1.0044
0.9234 1.0095
0.9234 1.017
0.9234 1.026
0.9234 1.041
0.9234 1.065
0.9234 1.098
0.9234 1.149
0.8904 0.8972
0.8904 0.9302
0.8904 0.9542
0.8904 0.9692
0.8904 0.9782
0.8904 0.9857
0.8904 0.9908
0.8904 0.9976
0.8904 1.0044
0.8904 1.0095
0.8904 1.017
0.8904 1.026
0.8904 1.041
0.8904 1.065
0.8904 1.098
0.8394 0.8972
0.8394 0.9302
0.8394 0.9542
0.8394 0.9692
0.8394 0.9782
0.8394 0.9857
0.8394 0.9908
0.8394 0.9976
0.8394 1.0044
0.8394 1.0095
0.8394 1.017
0.8394 1.026
0.8394 1.041
0.8394 1.065
0.8394 1.098
0.7614 0.9302
0.7614 0.9542
0.7614 0.9692
0.7614 0.9782
0.7614 0.9857
0.7614 0.9908
0.7614 0.9976
0.7614 1.0044
0.7614 1.0095
0.7614 1.017
0.7614 1.026
0.7614 1.041
0.7614 1.065
