4.740637709843463776e-01 2.000000000000000042e-02 2.000000000000000042e-02
3.248862874170733717e-01 7.052631578947368696e-02 2.000000000000000042e-02
2.884086297157181233e-01 1.210526315789473700e-01 2.000000000000000042e-02
2.606334667490385337e-01 1.715789473684210253e-01 2.000000000000000042e-02
2.295307691276809448e-01 2.221052631578947223e-01 2.000000000000000042e-02
1.925151058726377318e-01 2.726315789473684470e-01 2.000000000000000042e-02
1.613624691000970501e-01 3.231578947368420884e-01 2.000000000000000042e-02
1.395900857003798679e-01 3.736842105263157854e-01 2.000000000000000042e-02
1.227518185467059986e-01 4.242105263157894823e-01 2.000000000000000042e-02
1.099698087175142447e-01 4.747368421052631793e-01 2.000000000000000042e-02
1.002837365082179522e-01 5.252631578947368762e-01 2.000000000000000042e-02
9.313469125161494278e-02 5.757894736842105177e-01 2.000000000000000042e-02
8.638629906227765498e-02 6.263157894736841591e-01 2.000000000000000042e-02
7.913821884125848971e-02 6.768421052631579116e-01 2.000000000000000042e-02
7.254741207347409349e-02 7.273684210526315530e-01 2.000000000000000042e-02
6.691446527126118649e-02 7.778947368421053055e-01 2.000000000000000042e-02
6.180638078056100576e-02 8.284210526315789469e-01 2.000000000000000042e-02
5.754133072348550232e-02 8.789473684210525883e-01 2.000000000000000042e-02
5.294927087708253821e-02 9.294736842105263408e-01 2.000000000000000042e-02
4.770372588039217820e-02 9.799999999999999822e-01 2.000000000000000042e-02
3.661248760623351806e-01 2.000000000000000042e-02 7.025641025641025939e-02
3.886488982459050945e-01 7.052631578947368696e-02 7.025641025641025939e-02
3.188683374507129131e-01 1.210526315789473700e-01 7.025641025641025939e-02
3.123754613107911360e-01 1.715789473684210253e-01 7.025641025641025939e-02
2.709780550970337099e-01 2.221052631578947223e-01 7.025641025641025939e-02
2.177567733873627953e-01 2.726315789473684470e-01 7.025641025641025939e-02
1.757703282680860846e-01 3.231578947368420884e-01 7.025641025641025939e-02
1.466399682363774271e-01 3.736842105263157854e-01 7.025641025641025939e-02
1.242405772151537052e-01 4.242105263157894823e-01 7.025641025641025939e-02
1.102526144965656762e-01 4.747368421052631793e-01 7.025641025641025939e-02
1.027778892929580301e-01 5.252631578947368762e-01 7.025641025641025939e-02
9.798789524974414744e-02 5.757894736842105177e-01 7.025641025641025939e-02
9.086918061090502874e-02 6.263157894736841591e-01 7.025641025641025939e-02
8.366241521392950298e-02 6.768421052631579116e-01 7.025641025641025939e-02
7.677247372967124783e-02 7.273684210526315530e-01 7.025641025641025939e-02
6.999844597275771407e-02 7.778947368421053055e-01 7.025641025641025939e-02
6.438413782928156803e-02 8.284210526315789469e-01 7.025641025641025939e-02
5.880395621323308841e-02 8.789473684210525883e-01 7.025641025641025939e-02
5.315957291878417590e-02 9.294736842105263408e-01 7.025641025641025939e-02
4.817449502007734030e-02 9.799999999999999822e-01 7.025641025641025939e-02
2.969359467449664836e-01 2.000000000000000042e-02 1.205128205128205149e-01
3.712376280441861409e-01 7.052631578947368696e-02 1.205128205128205149e-01
3.385200764814614849e-01 1.210526315789473700e-01 1.205128205128205149e-01
3.346811855110799483e-01 1.715789473684210253e-01 1.205128205128205149e-01
3.133507890027599219e-01 2.221052631578947223e-01 1.205128205128205149e-01
2.721776571075993356e-01 2.726315789473684470e-01 1.205128205128205149e-01
2.292030454060517142e-01 3.231578947368420884e-01 1.205128205128205149e-01
1.879350640358005142e-01 3.736842105263157854e-01 1.205128205128205149e-01
1.518986870498890696e-01 4.242105263157894823e-01 1.205128205128205149e-01
1.287226848941281088e-01 4.747368421052631793e-01 1.205128205128205149e-01
1.142266412456753449e-01 5.252631578947368762e-01 1.205128205128205149e-01
1.043067028874095220e-01 5.757894736842105177e-01 1.205128205128205149e-01
9.399869512725850251e-02 6.263157894736841591e-01 1.205128205128205149e-01
8.478383774715320120e-02 6.768421052631579116e-01 1.205128205128205149e-01
7.683008034704560951e-02 7.273684210526315530e-01 1.205128205128205149e-01
7.077808778505959020e-02 7.778947368421053055e-01 1.205128205128205149e-01
6.611862537882010060e-02 8.284210526315789469e-01 1.205128205128205149e-01
5.950701987110772889e-02 8.789473684210525883e-01 1.205128205128205149e-01
5.439318107832552540e-02 9.294736842105263408e-01 1.205128205128205149e-01
5.008106767348376176e-02 9.799999999999999822e-01 1.205128205128205149e-01
2.619128663983576466e-01 2.000000000000000042e-02 1.707692307692307565e-01
3.258412769153993249e-01 7.052631578947368696e-02 1.707692307692307565e-01
3.373549910297632959e-01 1.210526315789473700e-01 1.707692307692307565e-01
3.315895110707872129e-01 1.715789473684210253e-01 1.707692307692307565e-01
3.254952576197334135e-01 2.221052631578947223e-01 1.707692307692307565e-01
3.028988976894598784e-01 2.726315789473684470e-01 1.707692307692307565e-01
2.716780105065672024e-01 3.231578947368420884e-01 1.707692307692307565e-01
2.312958753804205680e-01 3.736842105263157854e-01 1.707692307692307565e-01
1.932366718692352658e-01 4.242105263157894823e-01 1.707692307692307565e-01
1.616251797110977995e-01 4.747368421052631793e-01 1.707692307692307565e-01
1.373680690682204664e-01 5.252631578947368762e-01 1.707692307692307565e-01
1.203087434263835770e-01 5.757894736842105177e-01 1.707692307692307565e-01
1.057072229163170257e-01 6.263157894736841591e-01 1.707692307692307565e-01
9.376533602304813753e-02 6.768421052631579116e-01 1.707692307692307565e-01
8.545176103080934227e-02 7.273684210526315530e-01 1.707692307692307565e-01
7.912676034717994189e-02 7.778947368421053055e-01 1.707692307692307565e-01
6.996950066643621569e-02 8.284210526315789469e-01 1.707692307692307565e-01
6.228237966294012523e-02 8.789473684210525883e-01 1.707692307692307565e-01
5.685925471342795356e-02 9.294736842105263408e-01 1.707692307692307565e-01
5.162258209407596943e-02 9.799999999999999822e-01 1.707692307692307565e-01
2.437534514857787049e-01 2.000000000000000042e-02 2.210256410256410120e-01
2.920518703797430060e-01 7.052631578947368696e-02 2.210256410256410120e-01
3.223843215113845750e-01 1.210526315789473700e-01 2.210256410256410120e-01
3.234663291691760034e-01 1.715789473684210253e-01 2.210256410256410120e-01
3.235081479622284872e-01 2.221052631578947223e-01 2.210256410256410120e-01
3.107604277305253682e-01 2.726315789473684470e-01 2.210256410256410120e-01
2.920072364416319011e-01 3.231578947368420884e-01 2.210256410256410120e-01
2.596380065653003388e-01 3.736842105263157854e-01 2.210256410256410120e-01
2.239888793730002714e-01 4.242105263157894823e-01 2.210256410256410120e-01
1.918445402678715106e-01 4.747368421052631793e-01 2.210256410256410120e-01
1.654003911888772549e-01 5.252631578947368762e-01 2.210256410256410120e-01
1.450460851032049636e-01 5.757894736842105177e-01 2.210256410256410120e-01
1.281665579484934647e-01 6.263157894736841591e-01 2.210256410256410120e-01
1.125817868383146569e-01 6.768421052631579116e-01 2.210256410256410120e-01
9.911992724062372584e-02 7.273684210526315530e-01 2.210256410256410120e-01
8.722634374245007149e-02 7.778947368421053055e-01 2.210256410256410120e-01
7.659033221385294632e-02 8.284210526315789469e-01 2.210256410256410120e-01
6.812635227730248766e-02 8.789473684210525883e-01 2.210256410256410120e-01
6.079552128138640543e-02 9.294736842105263408e-01 2.210256410256410120e-01
5.351260993265776617e-02 9.799999999999999822e-01 2.210256410256410120e-01
2.295028589587163603e-01 2.000000000000000042e-02 2.712820512820512953e-01
2.686544830806544271e-01 7.052631578947368696e-02 2.712820512820512953e-01
3.021814089334034503e-01 1.210526315789473700e-01 2.712820512820512953e-01
3.086951723601641939e-01 1.715789473684210253e-01 2.712820512820512953e-01
3.128116975940309907e-01 2.221052631578947223e-01 2.712820512820512953e-01
3.069623772466559819e-01 2.726315789473684470e-01 2.712820512820512953e-01
3.002794465441385174e-01 3.231578947368420884e-01 2.712820512820512953e-01
2.779090366596165818e-01 3.736842105263157854e-01 2.712820512820512953e-01
2.482524832332327624e-01 4.242105263157894823e-01 2.712820512820512953e-01
2.185652011834514352e-01 4.747368421052631793e-01 2.712820512820512953e-01
1.914391440138339950e-01 5.252631578947368762e-01 2.712820512820512953e-01
1.704842669247190745e-01 5.757894736842105177e-01 2.712820512820512953e-01
1.507652410472539450e-01 6.263157894736841591e-01 2.712820512820512953e-01
1.309633733442691073e-01 6.768421052631579116e-01 2.712820512820512953e-01
1.123297481741698106e-01 7.273684210526315530e-01 2.712820512820512953e-01
9.689827161923932064e-02 7.778947368421053055e-01 2.712820512820512953e-01
8.506888781228807983e-02 8.284210526315789469e-01 2.712820512820512953e-01
7.522689327236195544e-02 8.789473684210525883e-01 2.712820512820512953e-01
6.634428840628958657e-02 9.294736842105263408e-01 2.712820512820512953e-01
5.696522815406790397e-02 9.799999999999999822e-01 2.712820512820512953e-01
2.151619543801830958e-01 2.000000000000000042e-02 3.215384615384615508e-01
2.504450867616512255e-01 7.052631578947368696e-02 3.215384615384615508e-01
2.858311591713949551e-01 1.210526315789473700e-01 3.215384615384615508e-01
2.968195591522173604e-01 1.715789473684210253e-01 3.215384615384615508e-01
3.036192503035524126e-01 2.221052631578947223e-01 3.215384615384615508e-01
3.020875735326831735e-01 2.726315789473684470e-01 3.215384615384615508e-01
3.005131339488172348e-01 3.231578947368420884e-01 3.215384615384615508e-01
2.890007161048457340e-01 3.736842105263157854e-01 3.215384615384615508e-01
2.659681803254997368e-01 4.242105263157894823e-01 3.215384615384615508e-01
2.382698711364515665e-01 4.747368421052631793e-01 3.215384615384615508e-01
2.126485803732207636e-01 5.252631578947368762e-01 3.215384615384615508e-01
1.886870497018352522e-01 5.757894736842105177e-01 3.215384615384615508e-01
1.653352562579994967e-01 6.263157894736841591e-01 3.215384615384615508e-01
1.444676959266816829e-01 6.768421052631579116e-01 3.215384615384615508e-01
1.266985515082073577e-01 7.273684210526315530e-01 3.215384615384615508e-01
1.106104409724261023e-01 7.778947368421053055e-01 3.215384615384615508e-01
9.700365021481156813e-02 8.284210526315789469e-01 3.215384615384615508e-01
8.500406396405019160e-02 8.789473684210525883e-01 3.215384615384615508e-01
7.378109155875098302e-02 9.294736842105263408e-01 3.215384615384615508e-01
6.173449650023122431e-02 9.799999999999999822e-01 3.215384615384615508e-01
2.035197628193012864e-01 2.000000000000000042e-02 3.717948717948718063e-01
2.358696160117577656e-01 7.052631578947368696e-02 3.717948717948718063e-01
2.748700047950438652e-01 1.210526315789473700e-01 3.717948717948718063e-01
2.874467297300620783e-01 1.715789473684210253e-01 3.717948717948718063e-01
2.933969924380850913e-01 2.221052631578947223e-01 3.717948717948718063e-01
2.940577203952075558e-01 2.726315789473684470e-01 3.717948717948718063e-01
2.963770336359404789e-01 3.231578947368420884e-01 3.717948717948718063e-01
2.891393315213393600e-01 3.736842105263157854e-01 3.717948717948718063e-01
2.715946046533390668e-01 4.242105263157894823e-01 3.717948717948718063e-01
2.503463951403900323e-01 4.747368421052631793e-01 3.717948717948718063e-01
2.253185674209033929e-01 5.252631578947368762e-01 3.717948717948718063e-01
1.987819807786058990e-01 5.757894736842105177e-01 3.717948717948718063e-01
1.751753615675230302e-01 6.263157894736841591e-01 3.717948717948718063e-01
1.559335266914899931e-01 6.768421052631579116e-01 3.717948717948718063e-01
1.390866349523785239e-01 7.273684210526315530e-01 3.717948717948718063e-01
1.231675579476395610e-01 7.778947368421053055e-01 3.717948717948718063e-01
1.100003944265451616e-01 8.284210526315789469e-01 3.717948717948718063e-01
9.713198381833761108e-02 8.789473684210525883e-01 3.717948717948718063e-01
8.314228089842914948e-02 9.294736842105263408e-01 3.717948717948718063e-01
6.772673263016355805e-02 9.799999999999999822e-01 3.717948717948718063e-01
1.951763673522084463e-01 2.000000000000000042e-02 4.220512820512820618e-01
2.238472317815702051e-01 7.052631578947368696e-02 4.220512820512820618e-01
2.648708106948567953e-01 1.210526315789473700e-01 4.220512820512820618e-01
2.801219087474681735e-01 1.715789473684210253e-01 4.220512820512820618e-01
2.840168514064773664e-01 2.221052631578947223e-01 4.220512820512820618e-01
2.871720218820140169e-01 2.726315789473684470e-01 4.220512820512820618e-01
2.913575942242730976e-01 3.231578947368420884e-01 4.220512820512820618e-01
2.879416239296989644e-01 3.736842105263157854e-01 4.220512820512820618e-01
2.740043423891711516e-01 4.242105263157894823e-01 4.220512820512820618e-01
2.562791193007882273e-01 4.747368421052631793e-01 4.220512820512820618e-01
2.350304969708698344e-01 5.252631578947368762e-01 4.220512820512820618e-01
2.102504908107629966e-01 5.757894736842105177e-01 4.220512820512820618e-01
1.874556790895105796e-01 6.263157894736841591e-01 4.220512820512820618e-01
1.673033269693317837e-01 6.768421052631579116e-01 4.220512820512820618e-01
1.496611567605141135e-01 7.273684210526315530e-01 4.220512820512820618e-01
1.345404203196269577e-01 7.778947368421053055e-01 4.220512820512820618e-01
1.212478824737580341e-01 8.284210526315789469e-01 4.220512820512820618e-01
1.067535525383305484e-01 8.789473684210525883e-01 4.220512820512820618e-01
9.232235657218081093e-02 9.294736842105263408e-01 4.220512820512820618e-01
7.498712581509141273e-02 9.799999999999999822e-01 4.220512820512820618e-01
1.893649604472264769e-01 2.000000000000000042e-02 4.723076923076923173e-01
2.169626903504043858e-01 7.052631578947368696e-02 4.723076923076923173e-01
2.560786347808538532e-01 1.210526315789473700e-01 4.723076923076923173e-01
2.679105264403414122e-01 1.715789473684210253e-01 4.723076923076923173e-01
2.785780613139053896e-01 2.221052631578947223e-01 4.723076923076923173e-01
2.801570251806350664e-01 2.726315789473684470e-01 4.723076923076923173e-01
2.841619134566973903e-01 3.231578947368420884e-01 4.723076923076923173e-01
2.830615503320282889e-01 3.736842105263157854e-01 4.723076923076923173e-01
2.752443755204568299e-01 4.242105263157894823e-01 4.723076923076923173e-01
2.611732428617410395e-01 4.747368421052631793e-01 4.723076923076923173e-01
2.420980560810069848e-01 5.252631578947368762e-01 4.723076923076923173e-01
2.221826606610147192e-01 5.757894736842105177e-01 4.723076923076923173e-01
2.009957487046569735e-01 6.263157894736841591e-01 4.723076923076923173e-01
1.798145006332367013e-01 6.768421052631579116e-01 4.723076923076923173e-01
1.612753402676521952e-01 7.273684210526315530e-01 4.723076923076923173e-01
1.437492240431298696e-01 7.778947368421053055e-01 4.723076923076923173e-01
1.280791588542916082e-01 8.284210526315789469e-01 4.723076923076923173e-01
1.135574971469531652e-01 8.789473684210525883e-01 4.723076923076923173e-01
9.816714241882880387e-02 9.294736842105263408e-01 4.723076923076923173e-01
8.076378522457169917e-02 9.799999999999999822e-01 4.723076923076923173e-01
1.835542211806769075e-01 2.000000000000000042e-02 5.225641025641025728e-01
2.105234149362646967e-01 7.052631578947368696e-02 5.225641025641025728e-01
2.487346609513181872e-01 1.210526315789473700e-01 5.225641025641025728e-01
2.626118407066279081e-01 1.715789473684210253e-01 5.225641025641025728e-01
2.726546729096150923e-01 2.221052631578947223e-01 5.225641025641025728e-01
2.744853366847171405e-01 2.726315789473684470e-01 5.225641025641025728e-01
2.814567957980299573e-01 3.231578947368420884e-01 5.225641025641025728e-01
2.805249509906146965e-01 3.736842105263157854e-01 5.225641025641025728e-01
2.716971554234120512e-01 4.242105263157894823e-01 5.225641025641025728e-01
2.581197645421597908e-01 4.747368421052631793e-01 5.225641025641025728e-01
2.423339346479399248e-01 5.252631578947368762e-01 5.225641025641025728e-01
2.241695330943029307e-01 5.757894736842105177e-01 5.225641025641025728e-01
2.053395451640772917e-01 6.263157894736841591e-01 5.225641025641025728e-01
1.863700243248627153e-01 6.768421052631579116e-01 5.225641025641025728e-01
1.686229437404214992e-01 7.273684210526315530e-01 5.225641025641025728e-01
1.510842693137208204e-01 7.778947368421053055e-01 5.225641025641025728e-01
1.347444444041564771e-01 8.284210526315789469e-01 5.225641025641025728e-01
1.202242464072902500e-01 8.789473684210525883e-01 5.225641025641025728e-01
1.052555264270444435e-01 9.294736842105263408e-01 5.225641025641025728e-01
8.595677568175369432e-02 9.799999999999999822e-01 5.225641025641025728e-01
1.814477008429868365e-01 2.000000000000000042e-02 5.728205128205128283e-01
2.033201050206483174e-01 7.052631578947368696e-02 5.728205128205128283e-01
2.409045458960697994e-01 1.210526315789473700e-01 5.728205128205128283e-01
2.623417951280921923e-01 1.715789473684210253e-01 5.728205128205128283e-01
2.704416941901676696e-01 2.221052631578947223e-01 5.728205128205128283e-01
2.666520401923715977e-01 2.726315789473684470e-01 5.728205128205128283e-01
2.732984343862804311e-01 3.231578947368420884e-01 5.728205128205128283e-01
2.745724319252643153e-01 3.736842105263157854e-01 5.728205128205128283e-01
2.700699024875558574e-01 4.242105263157894823e-01 5.728205128205128283e-01
2.604460042986909141e-01 4.747368421052631793e-01 5.728205128205128283e-01
2.456582185621841163e-01 5.252631578947368762e-01 5.728205128205128283e-01
2.276696504345522842e-01 5.757894736842105177e-01 5.728205128205128283e-01
2.098885594802334942e-01 6.263157894736841591e-01 5.728205128205128283e-01
1.920546919904175254e-01 6.768421052631579116e-01 5.728205128205128283e-01
1.755576833638060053e-01 7.273684210526315530e-01 5.728205128205128283e-01
1.587742607403380690e-01 7.778947368421053055e-01 5.728205128205128283e-01
1.432781901190614271e-01 8.284210526315789469e-01 5.728205128205128283e-01
1.282045023664925565e-01 8.789473684210525883e-01 5.728205128205128283e-01
1.118870636439889821e-01 9.294736842105263408e-01 5.728205128205128283e-01
9.105015962796023099e-02 9.799999999999999822e-01 5.728205128205128283e-01
1.781360753657769413e-01 2.000000000000000042e-02 6.230769230769230838e-01
1.988813818738617845e-01 7.052631578947368696e-02 6.230769230769230838e-01
2.366827210421948990e-01 1.210526315789473700e-01 6.230769230769230838e-01
2.620497140822760085e-01 1.715789473684210253e-01 6.230769230769230838e-01
2.694412548364001903e-01 2.221052631578947223e-01 6.230769230769230838e-01
2.632155078006749860e-01 2.726315789473684470e-01 6.230769230769230838e-01
2.711940965931565195e-01 3.231578947368420884e-01 6.230769230769230838e-01
2.743066412826646872e-01 3.736842105263157854e-01 6.230769230769230838e-01
2.714143974018927707e-01 4.242105263157894823e-01 6.230769230769230838e-01
2.623767054682489275e-01 4.747368421052631793e-01 6.230769230769230838e-01
2.480160994176479616e-01 5.252631578947368762e-01 6.230769230769230838e-01
2.326966521354451312e-01 5.757894736842105177e-01 6.230769230769230838e-01
2.183439063659772528e-01 6.263157894736841591e-01 6.230769230769230838e-01
2.033148553164239869e-01 6.768421052631579116e-01 6.230769230769230838e-01
1.858348077140692112e-01 7.273684210526315530e-01 6.230769230769230838e-01
1.682387632167136327e-01 7.778947368421053055e-01 6.230769230769230838e-01
1.530353364657696114e-01 8.284210526315789469e-01 6.230769230769230838e-01
1.375759819153061780e-01 8.789473684210525883e-01 6.230769230769230838e-01
1.193955071294964254e-01 9.294736842105263408e-01 6.230769230769230838e-01
9.561790278873505411e-02 9.799999999999999822e-01 6.230769230769230838e-01
1.749535916942470126e-01 2.000000000000000042e-02 6.733333333333333393e-01
1.961032972317556522e-01 7.052631578947368696e-02 6.733333333333333393e-01
2.328917455899182920e-01 1.210526315789473700e-01 6.733333333333333393e-01
2.584114079511092843e-01 1.715789473684210253e-01 6.733333333333333393e-01
2.680845510752704053e-01 2.221052631578947223e-01 6.733333333333333393e-01
2.620889385054271381e-01 2.726315789473684470e-01 6.733333333333333393e-01
2.693808037728455118e-01 3.231578947368420884e-01 6.733333333333333393e-01
2.744358730577758920e-01 3.736842105263157854e-01 6.733333333333333393e-01
2.698308153153172184e-01 4.242105263157894823e-01 6.733333333333333393e-01
2.625463195429921792e-01 4.747368421052631793e-01 6.733333333333333393e-01
2.513465092132305401e-01 5.252631578947368762e-01 6.733333333333333393e-01
2.384277413468356976e-01 5.757894736842105177e-01 6.733333333333333393e-01
2.276203778089365415e-01 6.263157894736841591e-01 6.733333333333333393e-01
2.135485387340726182e-01 6.768421052631579116e-01 6.733333333333333393e-01
1.972016211301568789e-01 7.273684210526315530e-01 6.733333333333333393e-01
1.803147527146961859e-01 7.778947368421053055e-01 6.733333333333333393e-01
1.629595372925310426e-01 8.284210526315789469e-01 6.733333333333333393e-01
1.447160959920932022e-01 8.789473684210525883e-01 6.733333333333333393e-01
1.258347448556270676e-01 9.294736842105263408e-01 6.733333333333333393e-01
1.011698666611435815e-01 9.799999999999999822e-01 6.733333333333333393e-01
1.731330836217282454e-01 2.000000000000000042e-02 7.235897435897435948e-01
1.934860735231066498e-01 7.052631578947368696e-02 7.235897435897435948e-01
2.265520759940802265e-01 1.210526315789473700e-01 7.235897435897435948e-01
2.546776588804768870e-01 1.715789473684210253e-01 7.235897435897435948e-01
2.626314638605229956e-01 2.221052631578947223e-01 7.235897435897435948e-01
2.595778201580953848e-01 2.726315789473684470e-01 7.235897435897435948e-01
2.652359251287072506e-01 3.231578947368420884e-01 7.235897435897435948e-01
2.719586549481023963e-01 3.736842105263157854e-01 7.235897435897435948e-01
2.704902540791925825e-01 4.242105263157894823e-01 7.235897435897435948e-01
2.658692322660602403e-01 4.747368421052631793e-01 7.235897435897435948e-01
2.599107822761952957e-01 5.252631578947368762e-01 7.235897435897435948e-01
2.495917028381146874e-01 5.757894736842105177e-01 7.235897435897435948e-01
2.367155024197551694e-01 6.263157894736841591e-01 7.235897435897435948e-01
2.236870060691217299e-01 6.768421052631579116e-01 7.235897435897435948e-01
2.081539236367228041e-01 7.273684210526315530e-01 7.235897435897435948e-01
1.899435509070129535e-01 7.778947368421053055e-01 7.235897435897435948e-01
1.698858643214468112e-01 8.284210526315789469e-01 7.235897435897435948e-01
1.507878076936313150e-01 8.789473684210525883e-01 7.235897435897435948e-01
1.311904226470132218e-01 9.294736842105263408e-01 7.235897435897435948e-01
1.056542637002485796e-01 9.799999999999999822e-01 7.235897435897435948e-01
1.718401775819046462e-01 2.000000000000000042e-02 7.738461538461538503e-01
1.913129436419947482e-01 7.052631578947368696e-02 7.738461538461538503e-01
2.221661661954111022e-01 1.210526315789473700e-01 7.738461538461538503e-01
2.528065324913268408e-01 1.715789473684210253e-01 7.738461538461538503e-01
2.600854694495728370e-01 2.221052631578947223e-01 7.738461538461538503e-01
2.546495109587451622e-01 2.726315789473684470e-01 7.738461538461538503e-01
2.640100391355802989e-01 3.231578947368420884e-01 7.738461538461538503e-01
2.689401683153689326e-01 3.736842105263157854e-01 7.738461538461538503e-01
2.679344933415920282e-01 4.242105263157894823e-01 7.738461538461538503e-01
2.654905856777421969e-01 4.747368421052631793e-01 7.738461538461538503e-01
2.619273092107082257e-01 5.252631578947368762e-01 7.738461538461538503e-01
2.534637996357647083e-01 5.757894736842105177e-01 7.738461538461538503e-01
2.419063575588396298e-01 6.263157894736841591e-01 7.738461538461538503e-01
2.279310978317819758e-01 6.768421052631579116e-01 7.738461538461538503e-01
2.103209483396403234e-01 7.273684210526315530e-01 7.738461538461538503e-01
1.928740811278557565e-01 7.778947368421053055e-01 7.738461538461538503e-01
1.761524188774712951e-01 8.284210526315789469e-01 7.738461538461538503e-01
1.580368848423740757e-01 8.789473684210525883e-01 7.738461538461538503e-01
1.368155275336004062e-01 9.294736842105263408e-01 7.738461538461538503e-01
1.103221311337906491e-01 9.799999999999999822e-01 7.738461538461538503e-01
1.717758388550236215e-01 2.000000000000000042e-02 8.241025641025641058e-01
1.875389306771517994e-01 7.052631578947368696e-02 8.241025641025641058e-01
2.207507770340002007e-01 1.210526315789473700e-01 8.241025641025641058e-01
2.545767990354848576e-01 1.715789473684210253e-01 8.241025641025641058e-01
2.579795704034563708e-01 2.221052631578947223e-01 8.241025641025641058e-01
2.518915901910768751e-01 2.726315789473684470e-01 8.241025641025641058e-01
2.586503599734964465e-01 3.231578947368420884e-01 8.241025641025641058e-01
2.639869230659374066e-01 3.736842105263157854e-01 8.241025641025641058e-01
2.631817633108435861e-01 4.242105263157894823e-01 8.241025641025641058e-01
2.640118042323414960e-01 4.747368421052631793e-01 8.241025641025641058e-01
2.635779102235984994e-01 5.252631578947368762e-01 8.241025641025641058e-01
2.540647918176436315e-01 5.757894736842105177e-01 8.241025641025641058e-01
2.396232279252121511e-01 6.263157894736841591e-01 8.241025641025641058e-01
2.252317773707066817e-01 6.768421052631579116e-01 8.241025641025641058e-01
2.136014263759589971e-01 7.273684210526315530e-01 8.241025641025641058e-01
2.006292223753533555e-01 7.778947368421053055e-01 8.241025641025641058e-01
1.832105754076824022e-01 8.284210526315789469e-01 8.241025641025641058e-01
1.637670498625209414e-01 8.789473684210525883e-01 8.241025641025641058e-01
1.433796377476202200e-01 9.294736842105263408e-01 8.241025641025641058e-01
1.174138735256366195e-01 9.799999999999999822e-01 8.241025641025641058e-01
1.712238712200373769e-01 2.000000000000000042e-02 8.743589743589743613e-01
1.856077377474026069e-01 7.052631578947368696e-02 8.743589743589743613e-01
2.213262832004245506e-01 1.210526315789473700e-01 8.743589743589743613e-01
2.524177661942600404e-01 1.715789473684210253e-01 8.743589743589743613e-01
2.543949754451921841e-01 2.221052631578947223e-01 8.743589743589743613e-01
2.497176158356313735e-01 2.726315789473684470e-01 8.743589743589743613e-01
2.579702594952953398e-01 3.231578947368420884e-01 8.743589743589743613e-01
2.608493535978099742e-01 3.736842105263157854e-01 8.743589743589743613e-01
2.589102804871515340e-01 4.242105263157894823e-01 8.743589743589743613e-01
2.613557261612466376e-01 4.747368421052631793e-01 8.743589743589743613e-01
2.599855740884043920e-01 5.252631578947368762e-01 8.743589743589743613e-01
2.518497844009543463e-01 5.757894736842105177e-01 8.743589743589743613e-01
2.418717226399181852e-01 6.263157894736841591e-01 8.743589743589743613e-01
2.304381617674382265e-01 6.768421052631579116e-01 8.743589743589743613e-01
2.172524654238499886e-01 7.273684210526315530e-01 8.743589743589743613e-01
2.035684389646656434e-01 7.778947368421053055e-01 8.743589743589743613e-01
1.867824786726260400e-01 8.284210526315789469e-01 8.743589743589743613e-01
1.676069455856224188e-01 8.789473684210525883e-01 8.743589743589743613e-01
1.467439486579511232e-01 9.294736842105263408e-01 8.743589743589743613e-01
1.232583772205751299e-01 9.799999999999999822e-01 8.743589743589743613e-01
1.721830241999125488e-01 2.000000000000000042e-02 9.246153846153846168e-01
1.844216960944148331e-01 7.052631578947368696e-02 9.246153846153846168e-01
2.213166611177174725e-01 1.210526315789473700e-01 9.246153846153846168e-01
2.512180300330245641e-01 1.715789473684210253e-01 9.246153846153846168e-01
2.570239610126404672e-01 2.221052631578947223e-01 9.246153846153846168e-01
2.495023421190374346e-01 2.726315789473684470e-01 9.246153846153846168e-01
2.528447108510933905e-01 3.231578947368420884e-01 9.246153846153846168e-01
2.568709502333728079e-01 3.736842105263157854e-01 9.246153846153846168e-01
2.573468995245733471e-01 4.242105263157894823e-01 9.246153846153846168e-01
2.579502551808157129e-01 4.747368421052631793e-01 9.246153846153846168e-01
2.544857688345967262e-01 5.252631578947368762e-01 9.246153846153846168e-01
2.501095106218002018e-01 5.757894736842105177e-01 9.246153846153846168e-01
2.434931125458485723e-01 6.263157894736841591e-01 9.246153846153846168e-01
2.325852366445826935e-01 6.768421052631579116e-01 9.246153846153846168e-01
2.196205789637332983e-01 7.273684210526315530e-01 9.246153846153846168e-01
2.082784169372729755e-01 7.778947368421053055e-01 9.246153846153846168e-01
1.937183511652546264e-01 8.284210526315789469e-01 9.246153846153846168e-01
1.757443113014579283e-01 8.789473684210525883e-01 9.246153846153846168e-01
1.535729179932424360e-01 9.294736842105263408e-01 9.246153846153846168e-01
1.264667569429553384e-01 9.799999999999999822e-01 9.246153846153846168e-01
1.697472435803315527e-01 2.000000000000000042e-02 9.748717948717948723e-01
1.810819311350080063e-01 7.052631578947368696e-02 9.748717948717948723e-01
2.176378200523340356e-01 1.210526315789473700e-01 9.748717948717948723e-01
2.504152179034602188e-01 1.715789473684210253e-01 9.748717948717948723e-01
2.568512204933052767e-01 2.221052631578947223e-01 9.748717948717948723e-01
2.454403895618449682e-01 2.726315789473684470e-01 9.748717948717948723e-01
2.469920408947082757e-01 3.231578947368420884e-01 9.748717948717948723e-01
2.518062571047439135e-01 3.736842105263157854e-01 9.748717948717948723e-01
2.520098141802650238e-01 4.242105263157894823e-01 9.748717948717948723e-01
2.508844164927781506e-01 4.747368421052631793e-01 9.748717948717948723e-01
2.497075989228185744e-01 5.252631578947368762e-01 9.748717948717948723e-01
2.470957887051874746e-01 5.757894736842105177e-01 9.748717948717948723e-01
2.409287673006220987e-01 6.263157894736841591e-01 9.748717948717948723e-01
2.317448857592770972e-01 6.768421052631579116e-01 9.748717948717948723e-01
2.208891205797364476e-01 7.273684210526315530e-01 9.748717948717948723e-01
2.103214452388407207e-01 7.778947368421053055e-01 9.748717948717948723e-01
1.974989376061461743e-01 8.284210526315789469e-01 9.748717948717948723e-01
1.805301361456978504e-01 8.789473684210525883e-01 9.748717948717948723e-01
1.593572744899490745e-01 9.294736842105263408e-01 9.748717948717948723e-01
1.323005381564960337e-01 9.799999999999999822e-01 9.748717948717948723e-01
1.650808007702705693e-01 2.000000000000000042e-02 1.025128205128205128e+00
1.768776794509282491e-01 7.052631578947368696e-02 1.025128205128205128e+00
2.105372980156905438e-01 1.210526315789473700e-01 1.025128205128205128e+00
2.440809343830382394e-01 1.715789473684210253e-01 1.025128205128205128e+00
2.532882388164152121e-01 2.221052631578947223e-01 1.025128205128205128e+00
2.434706521327657525e-01 2.726315789473684470e-01 1.025128205128205128e+00
2.450497250701411944e-01 3.231578947368420884e-01 1.025128205128205128e+00
2.455667008936107398e-01 3.736842105263157854e-01 1.025128205128205128e+00
2.433176663694341935e-01 4.242105263157894823e-01 1.025128205128205128e+00
2.459063444819906408e-01 4.747368421052631793e-01 1.025128205128205128e+00
2.500905353701302625e-01 5.252631578947368762e-01 1.025128205128205128e+00
2.499064486487051762e-01 5.757894736842105177e-01 1.025128205128205128e+00
2.433358461182568155e-01 6.263157894736841591e-01 1.025128205128205128e+00
2.363010835803182885e-01 6.768421052631579116e-01 1.025128205128205128e+00
2.271998961525379113e-01 7.273684210526315530e-01 1.025128205128205128e+00
2.160832240356925227e-01 7.778947368421053055e-01 1.025128205128205128e+00
2.006820657579579670e-01 8.284210526315789469e-01 1.025128205128205128e+00
1.823200584672257651e-01 8.789473684210525883e-01 1.025128205128205128e+00
1.605323396485488219e-01 9.294736842105263408e-01 1.025128205128205128e+00
1.346166824144517937e-01 9.799999999999999822e-01 1.025128205128205128e+00
1.631692596105541460e-01 2.000000000000000042e-02 1.075384615384615383e+00
1.740123003432708371e-01 7.052631578947368696e-02 1.075384615384615383e+00
2.072898240774023182e-01 1.210526315789473700e-01 1.075384615384615383e+00
2.413809461619882968e-01 1.715789473684210253e-01 1.075384615384615383e+00
2.533366647487847456e-01 2.221052631578947223e-01 1.075384615384615383e+00
2.426741351159521498e-01 2.726315789473684470e-01 1.075384615384615383e+00
2.426192876819160404e-01 3.231578947368420884e-01 1.075384615384615383e+00
2.427622265711394389e-01 3.736842105263157854e-01 1.075384615384615383e+00
2.421025851205936275e-01 4.242105263157894823e-01 1.075384615384615383e+00
2.463747143044275612e-01 4.747368421052631793e-01 1.075384615384615383e+00
2.493265343421071367e-01 5.252631578947368762e-01 1.075384615384615383e+00
2.469688858705462731e-01 5.757894736842105177e-01 1.075384615384615383e+00
2.425968452372247453e-01 6.263157894736841591e-01 1.075384615384615383e+00
2.363775980768661744e-01 6.768421052631579116e-01 1.075384615384615383e+00
2.277447768707303588e-01 7.273684210526315530e-01 1.075384615384615383e+00
2.172399263213876108e-01 7.778947368421053055e-01 1.075384615384615383e+00
2.023045235993973234e-01 8.284210526315789469e-01 1.075384615384615383e+00
1.851370775698945592e-01 8.789473684210525883e-01 1.075384615384615383e+00
1.652507456709987055e-01 9.294736842105263408e-01 1.075384615384615383e+00
1.382478259752910887e-01 9.799999999999999822e-01 1.075384615384615383e+00
1.619998110499073773e-01 2.000000000000000042e-02 1.125641025641025639e+00
1.721070079032782363e-01 7.052631578947368696e-02 1.125641025641025639e+00
2.035077329756278530e-01 1.210526315789473700e-01 1.125641025641025639e+00
2.445810734701419631e-01 1.715789473684210253e-01 1.125641025641025639e+00
2.526554972991843506e-01 2.221052631578947223e-01 1.125641025641025639e+00
2.431628229365416227e-01 2.726315789473684470e-01 1.125641025641025639e+00
2.455404530255913265e-01 3.231578947368420884e-01 1.125641025641025639e+00
2.434957862665475536e-01 3.736842105263157854e-01 1.125641025641025639e+00
2.431680507919510292e-01 4.242105263157894823e-01 1.125641025641025639e+00
2.481759779640451691e-01 4.747368421052631793e-01 1.125641025641025639e+00
2.507162884058860564e-01 5.252631578947368762e-01 1.125641025641025639e+00
2.497097670010345882e-01 5.757894736842105177e-01 1.125641025641025639e+00
2.440608305647801457e-01 6.263157894736841591e-01 1.125641025641025639e+00
2.377958117732846821e-01 6.768421052631579116e-01 1.125641025641025639e+00
2.305071609037570302e-01 7.273684210526315530e-01 1.125641025641025639e+00
2.197594858706329590e-01 7.778947368421053055e-01 1.125641025641025639e+00
2.040012146886330258e-01 8.284210526315789469e-01 1.125641025641025639e+00
1.867022116571200874e-01 8.789473684210525883e-01 1.125641025641025639e+00
1.668050551349577471e-01 9.294736842105263408e-01 1.125641025641025639e+00
1.410459258112177483e-01 9.799999999999999822e-01 1.125641025641025639e+00
1.612963355679677968e-01 2.000000000000000042e-02 1.175897435897435894e+00
1.712836861912069575e-01 7.052631578947368696e-02 1.175897435897435894e+00
2.036753795489383845e-01 1.210526315789473700e-01 1.175897435897435894e+00
2.453018329369298645e-01 1.715789473684210253e-01 1.175897435897435894e+00
2.534731679353539602e-01 2.221052631578947223e-01 1.175897435897435894e+00
2.455689334376562338e-01 2.726315789473684470e-01 1.175897435897435894e+00
2.467762779102400106e-01 3.231578947368420884e-01 1.175897435897435894e+00
2.428097883128953749e-01 3.736842105263157854e-01 1.175897435897435894e+00
2.440407952939510072e-01 4.242105263157894823e-01 1.175897435897435894e+00
2.485980920193225086e-01 4.747368421052631793e-01 1.175897435897435894e+00
2.521829360965666122e-01 5.252631578947368762e-01 1.175897435897435894e+00
2.514924583367297295e-01 5.757894736842105177e-01 1.175897435897435894e+00
2.483440183711367877e-01 6.263157894736841591e-01 1.175897435897435894e+00
2.415118067396035406e-01 6.768421052631579116e-01 1.175897435897435894e+00
2.333709142928614977e-01 7.273684210526315530e-01 1.175897435897435894e+00
2.215587658288558637e-01 7.778947368421053055e-01 1.175897435897435894e+00
2.041812524931914119e-01 8.284210526315789469e-01 1.175897435897435894e+00
1.855065068922874538e-01 8.789473684210525883e-01 1.175897435897435894e+00
1.635959302260231174e-01 9.294736842105263408e-01 1.175897435897435894e+00
1.376501328368172072e-01 9.799999999999999822e-01 1.175897435897435894e+00
1.613956398179097473e-01 2.000000000000000042e-02 1.226153846153846150e+00
1.710818082138390317e-01 7.052631578947368696e-02 1.226153846153846150e+00
2.062240133408170806e-01 1.210526315789473700e-01 1.226153846153846150e+00
2.457957099838164461e-01 1.715789473684210253e-01 1.226153846153846150e+00
2.497200994189734957e-01 2.221052631578947223e-01 1.226153846153846150e+00
2.455909647682776309e-01 2.726315789473684470e-01 1.226153846153846150e+00
2.520401466297899629e-01 3.231578947368420884e-01 1.226153846153846150e+00
2.489749041845020494e-01 3.736842105263157854e-01 1.226153846153846150e+00
2.490003359034725083e-01 4.242105263157894823e-01 1.226153846153846150e+00
2.505711452712809928e-01 4.747368421052631793e-01 1.226153846153846150e+00
2.519063219156941758e-01 5.252631578947368762e-01 1.226153846153846150e+00
2.517670094158585004e-01 5.757894736842105177e-01 1.226153846153846150e+00
2.475886752525895407e-01 6.263157894736841591e-01 1.226153846153846150e+00
2.388118988868636605e-01 6.768421052631579116e-01 1.226153846153846150e+00
2.265331921631377476e-01 7.273684210526315530e-01 1.226153846153846150e+00
2.154388753759032549e-01 7.778947368421053055e-01 1.226153846153846150e+00
2.012059131215799823e-01 8.284210526315789469e-01 1.226153846153846150e+00
1.844588053794389837e-01 8.789473684210525883e-01 1.226153846153846150e+00
1.649269750399417478e-01 9.294736842105263408e-01 1.226153846153846150e+00
1.402228945374836278e-01 9.799999999999999822e-01 1.226153846153846150e+00
1.616878887020963274e-01 2.000000000000000042e-02 1.276410256410256405e+00
1.720903929068148819e-01 7.052631578947368696e-02 1.276410256410256405e+00
2.091666677259368945e-01 1.210526315789473700e-01 1.276410256410256405e+00
2.463171575114489475e-01 1.715789473684210253e-01 1.276410256410256405e+00
2.535470342447506686e-01 2.221052631578947223e-01 1.276410256410256405e+00
2.493946218385627300e-01 2.726315789473684470e-01 1.276410256410256405e+00
2.527035834656951030e-01 3.231578947368420884e-01 1.276410256410256405e+00
2.533211775734197091e-01 3.736842105263157854e-01 1.276410256410256405e+00
2.542569995788657722e-01 4.242105263157894823e-01 1.276410256410256405e+00
2.526411212029279207e-01 4.747368421052631793e-01 1.276410256410256405e+00
2.533781305502423864e-01 5.252631578947368762e-01 1.276410256410256405e+00
2.533312815410336816e-01 5.757894736842105177e-01 1.276410256410256405e+00
2.489057244718753115e-01 6.263157894736841591e-01 1.276410256410256405e+00
2.391718089840171590e-01 6.768421052631579116e-01 1.276410256410256405e+00
2.264310772541050232e-01 7.273684210526315530e-01 1.276410256410256405e+00
2.148706118702465029e-01 7.778947368421053055e-01 1.276410256410256405e+00
2.017259457111251486e-01 8.284210526315789469e-01 1.276410256410256405e+00
1.846227864007253527e-01 8.789473684210525883e-01 1.276410256410256405e+00
1.630365610252159092e-01 9.294736842105263408e-01 1.276410256410256405e+00
1.377381010024666397e-01 9.799999999999999822e-01 1.276410256410256405e+00
1.633632969954504910e-01 2.000000000000000042e-02 1.326666666666666661e+00
1.736574778117856155e-01 7.052631578947368696e-02 1.326666666666666661e+00
2.109529513506964438e-01 1.210526315789473700e-01 1.326666666666666661e+00
2.487558746988715597e-01 1.715789473684210253e-01 1.326666666666666661e+00
2.589149786343595827e-01 2.221052631578947223e-01 1.326666666666666661e+00
2.509427554375928127e-01 2.726315789473684470e-01 1.326666666666666661e+00
2.531391695124079466e-01 3.231578947368420884e-01 1.326666666666666661e+00
2.534958910446551417e-01 3.736842105263157854e-01 1.326666666666666661e+00
2.530327808256324085e-01 4.242105263157894823e-01 1.326666666666666661e+00
2.505932427463167800e-01 4.747368421052631793e-01 1.326666666666666661e+00
2.519470303184929705e-01 5.252631578947368762e-01 1.326666666666666661e+00
2.543398937746189081e-01 5.757894736842105177e-01 1.326666666666666661e+00
2.512738233206421867e-01 6.263157894736841591e-01 1.326666666666666661e+00
2.422351352290246229e-01 6.768421052631579116e-01 1.326666666666666661e+00
2.302443675394205969e-01 7.273684210526315530e-01 1.326666666666666661e+00
2.169717474846082350e-01 7.778947368421053055e-01 1.326666666666666661e+00
2.017874339580010001e-01 8.284210526315789469e-01 1.326666666666666661e+00
1.858830917453604126e-01 8.789473684210525883e-01 1.326666666666666661e+00
1.672906488735023400e-01 9.294736842105263408e-01 1.326666666666666661e+00
1.428892637938080357e-01 9.799999999999999822e-01 1.326666666666666661e+00
1.634595794792472745e-01 2.000000000000000042e-02 1.376923076923076916e+00
1.736338873146186235e-01 7.052631578947368696e-02 1.376923076923076916e+00
2.088626891302385047e-01 1.210526315789473700e-01 1.376923076923076916e+00
2.458004357554115227e-01 1.715789473684210253e-01 1.376923076923076916e+00
2.589512772191329137e-01 2.221052631578947223e-01 1.376923076923076916e+00
2.520490648447309967e-01 2.726315789473684470e-01 1.376923076923076916e+00
2.566027815548334035e-01 3.231578947368420884e-01 1.376923076923076916e+00
2.552641018138767648e-01 3.736842105263157854e-01 1.376923076923076916e+00
2.529806532697331800e-01 4.242105263157894823e-01 1.376923076923076916e+00
2.546556601728255931e-01 4.747368421052631793e-01 1.376923076923076916e+00
2.544330366598518967e-01 5.252631578947368762e-01 1.376923076923076916e+00
2.534978510032740440e-01 5.757894736842105177e-01 1.376923076923076916e+00
2.492390445035280178e-01 6.263157894736841591e-01 1.376923076923076916e+00
2.403381830591306001e-01 6.768421052631579116e-01 1.376923076923076916e+00
2.301483881360224248e-01 7.273684210526315530e-01 1.376923076923076916e+00
2.173563150001155964e-01 7.778947368421053055e-01 1.376923076923076916e+00
2.010385593293831097e-01 8.284210526315789469e-01 1.376923076923076916e+00
1.834009993851540010e-01 8.789473684210525883e-01 1.376923076923076916e+00
1.645316865542616191e-01 9.294736842105263408e-01 1.376923076923076916e+00
1.423332694103680574e-01 9.799999999999999822e-01 1.376923076923076916e+00
1.619522030615064556e-01 2.000000000000000042e-02 1.427179487179487172e+00
1.720580243977418711e-01 7.052631578947368696e-02 1.427179487179487172e+00
2.071419267695970290e-01 1.210526315789473700e-01 1.427179487179487172e+00
2.451993244126954852e-01 1.715789473684210253e-01 1.427179487179487172e+00
2.572472460598346777e-01 2.221052631578947223e-01 1.427179487179487172e+00
2.545212182121446842e-01 2.726315789473684470e-01 1.427179487179487172e+00
2.600251889499338165e-01 3.231578947368420884e-01 1.427179487179487172e+00
2.599655930459531805e-01 3.736842105263157854e-01 1.427179487179487172e+00
2.580578564041005052e-01 4.242105263157894823e-01 1.427179487179487172e+00
2.580111798243422405e-01 4.747368421052631793e-01 1.427179487179487172e+00
2.556670220390554471e-01 5.252631578947368762e-01 1.427179487179487172e+00
2.522739551347952247e-01 5.757894736842105177e-01 1.427179487179487172e+00
2.460722447384148248e-01 6.263157894736841591e-01 1.427179487179487172e+00
2.384745295647945351e-01 6.768421052631579116e-01 1.427179487179487172e+00
2.284592219059330132e-01 7.273684210526315530e-01 1.427179487179487172e+00
2.173594126954410122e-01 7.778947368421053055e-01 1.427179487179487172e+00
2.022376268749155881e-01 8.284210526315789469e-01 1.427179487179487172e+00
1.844169210409692394e-01 8.789473684210525883e-01 1.427179487179487172e+00
1.649284916735396789e-01 9.294736842105263408e-01 1.427179487179487172e+00
1.388962179359772009e-01 9.799999999999999822e-01 1.427179487179487172e+00
1.593604030056571808e-01 2.000000000000000042e-02 1.477435897435897427e+00
1.703524994065651610e-01 7.052631578947368696e-02 1.477435897435897427e+00
2.051847563867650048e-01 1.210526315789473700e-01 1.477435897435897427e+00
2.435081272179136225e-01 1.715789473684210253e-01 1.477435897435897427e+00
2.600470364809220891e-01 2.221052631578947223e-01 1.477435897435897427e+00
2.564953313792199263e-01 2.726315789473684470e-01 1.477435897435897427e+00
2.602860666634052023e-01 3.231578947368420884e-01 1.477435897435897427e+00
2.575921200189537630e-01 3.736842105263157854e-01 1.477435897435897427e+00
2.515036848283179194e-01 4.242105263157894823e-01 1.477435897435897427e+00
2.487122192451687308e-01 4.747368421052631793e-01 1.477435897435897427e+00
2.492859203330413942e-01 5.252631578947368762e-01 1.477435897435897427e+00
2.489423538493727162e-01 5.757894736842105177e-01 1.477435897435897427e+00
2.453569744963181032e-01 6.263157894736841591e-01 1.477435897435897427e+00
2.379437075699682991e-01 6.768421052631579116e-01 1.477435897435897427e+00
2.273957726617644726e-01 7.273684210526315530e-01 1.477435897435897427e+00
2.142854513111152326e-01 7.778947368421053055e-01 1.477435897435897427e+00
1.978393535350573829e-01 8.284210526315789469e-01 1.477435897435897427e+00
1.809418606087391801e-01 8.789473684210525883e-01 1.477435897435897427e+00
1.625258042037938111e-01 9.294736842105263408e-01 1.477435897435897427e+00
1.366512545377140120e-01 9.799999999999999822e-01 1.477435897435897427e+00
1.566223724147782215e-01 2.000000000000000042e-02 1.527692307692307683e+00
1.687016673823098500e-01 7.052631578947368696e-02 1.527692307692307683e+00
2.036741262040976108e-01 1.210526315789473700e-01 1.527692307692307683e+00
2.424714457078553653e-01 1.715789473684210253e-01 1.527692307692307683e+00
2.582320455126805303e-01 2.221052631578947223e-01 1.527692307692307683e+00
2.520914356494841635e-01 2.726315789473684470e-01 1.527692307692307683e+00
2.533498111974805123e-01 3.231578947368420884e-01 1.527692307692307683e+00
2.503336247880003085e-01 3.736842105263157854e-01 1.527692307692307683e+00
2.448433764173942040e-01 4.242105263157894823e-01 1.527692307692307683e+00
2.419859636598729047e-01 4.747368421052631793e-01 1.527692307692307683e+00
2.437104324689547408e-01 5.252631578947368762e-01 1.527692307692307683e+00
2.487822378353394814e-01 5.757894736842105177e-01 1.527692307692307683e+00
2.473470163417318957e-01 6.263157894736841591e-01 1.527692307692307683e+00
2.400708150325240042e-01 6.768421052631579116e-01 1.527692307692307683e+00
2.291937839087545559e-01 7.273684210526315530e-01 1.527692307692307683e+00
2.152002113713399611e-01 7.778947368421053055e-01 1.527692307692307683e+00
1.986952658165534458e-01 8.284210526315789469e-01 1.527692307692307683e+00
1.823242306666306434e-01 8.789473684210525883e-01 1.527692307692307683e+00
1.619304939968416734e-01 9.294736842105263408e-01 1.527692307692307683e+00
1.357594482938531966e-01 9.799999999999999822e-01 1.527692307692307683e+00
1.543408372529434525e-01 2.000000000000000042e-02 1.577948717948717938e+00
1.651334569004827835e-01 7.052631578947368696e-02 1.577948717948717938e+00
2.042521931457425555e-01 1.210526315789473700e-01 1.577948717948717938e+00
2.436059883774222834e-01 1.715789473684210253e-01 1.577948717948717938e+00
2.543731812872235265e-01 2.221052631578947223e-01 1.577948717948717938e+00
2.467904958129912563e-01 2.726315789473684470e-01 1.577948717948717938e+00
2.455037487497707116e-01 3.231578947368420884e-01 1.577948717948717938e+00
2.449194816838378974e-01 3.736842105263157854e-01 1.577948717948717938e+00
2.442151326822191437e-01 4.242105263157894823e-01 1.577948717948717938e+00
2.442317163910037725e-01 4.747368421052631793e-01 1.577948717948717938e+00
2.441759418292465122e-01 5.252631578947368762e-01 1.577948717948717938e+00
2.457562831917641522e-01 5.757894736842105177e-01 1.577948717948717938e+00
2.444567758980778216e-01 6.263157894736841591e-01 1.577948717948717938e+00
2.370160919099288388e-01 6.768421052631579116e-01 1.577948717948717938e+00
2.238335619080995542e-01 7.273684210526315530e-01 1.577948717948717938e+00
2.106476953181397882e-01 7.778947368421053055e-01 1.577948717948717938e+00
1.962131452063163306e-01 8.284210526315789469e-01 1.577948717948717938e+00
1.791083550214413733e-01 8.789473684210525883e-01 1.577948717948717938e+00
1.585336175691877958e-01 9.294736842105263408e-01 1.577948717948717938e+00
1.333254611155550162e-01 9.799999999999999822e-01 1.577948717948717938e+00
1.543736023088101150e-01 2.000000000000000042e-02 1.628205128205128194e+00
1.670750458319109344e-01 7.052631578947368696e-02 1.628205128205128194e+00
2.075897840435893538e-01 1.210526315789473700e-01 1.628205128205128194e+00
2.452637797092305783e-01 1.715789473684210253e-01 1.628205128205128194e+00
2.522576963818337070e-01 2.221052631578947223e-01 1.628205128205128194e+00
2.416903076354404711e-01 2.726315789473684470e-01 1.628205128205128194e+00
2.416952129172200425e-01 3.231578947368420884e-01 1.628205128205128194e+00
2.426191182061609997e-01 3.736842105263157854e-01 1.628205128205128194e+00
2.452434375302240399e-01 4.242105263157894823e-01 1.628205128205128194e+00
2.486168917514484933e-01 4.747368421052631793e-01 1.628205128205128194e+00
2.509826508107018683e-01 5.252631578947368762e-01 1.628205128205128194e+00
2.502031053667266303e-01 5.757894736842105177e-01 1.628205128205128194e+00
2.431871434869695148e-01 6.263157894736841591e-01 1.628205128205128194e+00
2.321554605019362227e-01 6.768421052631579116e-01 1.628205128205128194e+00
2.213678786066901327e-01 7.273684210526315530e-01 1.628205128205128194e+00
2.096970409443275341e-01 7.778947368421053055e-01 1.628205128205128194e+00
1.955661940948466293e-01 8.284210526315789469e-01 1.628205128205128194e+00
1.783341468434592736e-01 8.789473684210525883e-01 1.628205128205128194e+00
1.581750451961911053e-01 9.294736842105263408e-01 1.628205128205128194e+00
1.314351278331614414e-01 9.799999999999999822e-01 1.628205128205128194e+00
1.546159609468493179e-01 2.000000000000000042e-02 1.678461538461538449e+00
1.689799681789148911e-01 7.052631578947368696e-02 1.678461538461538449e+00
2.055501608974913130e-01 1.210526315789473700e-01 1.678461538461538449e+00
2.424898019430402896e-01 1.715789473684210253e-01 1.678461538461538449e+00
2.497177667723405603e-01 2.221052631578947223e-01 1.678461538461538449e+00
2.380430070314898117e-01 2.726315789473684470e-01 1.678461538461538449e+00
2.383014923683617892e-01 3.231578947368420884e-01 1.678461538461538449e+00
2.432731054538992688e-01 3.736842105263157854e-01 1.678461538461538449e+00
2.488920954809341890e-01 4.242105263157894823e-01 1.678461538461538449e+00
2.528269980017141538e-01 4.747368421052631793e-01 1.678461538461538449e+00
2.558272891797411797e-01 5.252631578947368762e-01 1.678461538461538449e+00
2.538495736560158478e-01 5.757894736842105177e-01 1.678461538461538449e+00
2.442939303379387250e-01 6.263157894736841591e-01 1.678461538461538449e+00
2.309467701994951938e-01 6.768421052631579116e-01 1.678461538461538449e+00
2.164371396986414786e-01 7.273684210526315530e-01 1.678461538461538449e+00
2.028698651801446040e-01 7.778947368421053055e-01 1.678461538461538449e+00
1.886469305911302186e-01 8.284210526315789469e-01 1.678461538461538449e+00
1.713226512251604938e-01 8.789473684210525883e-01 1.678461538461538449e+00
1.501374467488261200e-01 9.294736842105263408e-01 1.678461538461538449e+00
1.212902231962723898e-01 9.799999999999999822e-01 1.678461538461538449e+00
1.570193725123691375e-01 2.000000000000000042e-02 1.728717948717948705e+00
1.711703111383433840e-01 7.052631578947368696e-02 1.728717948717948705e+00
2.015666480624203061e-01 1.210526315789473700e-01 1.728717948717948705e+00
2.369978032892916253e-01 1.715789473684210253e-01 1.728717948717948705e+00
2.436050881664142131e-01 2.221052631578947223e-01 1.728717948717948705e+00
2.330545013420980971e-01 2.726315789473684470e-01 1.728717948717948705e+00
2.396172649356732576e-01 3.231578947368420884e-01 1.728717948717948705e+00
2.475567177605853819e-01 3.736842105263157854e-01 1.728717948717948705e+00
2.530697606360678420e-01 4.242105263157894823e-01 1.728717948717948705e+00
2.560460775188471150e-01 4.747368421052631793e-01 1.728717948717948705e+00
2.555312616976358475e-01 5.252631578947368762e-01 1.728717948717948705e+00
2.496211211627720195e-01 5.757894736842105177e-01 1.728717948717948705e+00
2.370188242387989142e-01 6.263157894736841591e-01 1.728717948717948705e+00
2.225090593541716177e-01 6.768421052631579116e-01 1.728717948717948705e+00
2.074987327130806414e-01 7.273684210526315530e-01 1.728717948717948705e+00
1.931931876889818045e-01 7.778947368421053055e-01 1.728717948717948705e+00
1.778459049158672145e-01 8.284210526315789469e-01 1.728717948717948705e+00
1.600082789333017452e-01 8.789473684210525883e-01 1.728717948717948705e+00
1.392647729737253037e-01 9.294736842105263408e-01 1.728717948717948705e+00
1.131154220347787703e-01 9.799999999999999822e-01 1.728717948717948705e+00
1.619544034280444578e-01 2.000000000000000042e-02 1.778974358974358960e+00
1.737006644876091244e-01 7.052631578947368696e-02 1.778974358974358960e+00
2.018555323365855414e-01 1.210526315789473700e-01 1.778974358974358960e+00
2.312912236168846447e-01 1.715789473684210253e-01 1.778974358974358960e+00
2.396804765135141235e-01 2.221052631578947223e-01 1.778974358974358960e+00
2.330895570444236620e-01 2.726315789473684470e-01 1.778974358974358960e+00
2.440408093346606855e-01 3.231578947368420884e-01 1.778974358974358960e+00
2.553466153941225114e-01 3.736842105263157854e-01 1.778974358974358960e+00
2.595731472085378022e-01 4.242105263157894823e-01 1.778974358974358960e+00
2.577575312447080713e-01 4.747368421052631793e-01 1.778974358974358960e+00
2.515259319652361492e-01 5.252631578947368762e-01 1.778974358974358960e+00
2.410991301456466562e-01 5.757894736842105177e-01 1.778974358974358960e+00
2.269298831494541424e-01 6.263157894736841591e-01 1.778974358974358960e+00
2.126332397985490341e-01 6.768421052631579116e-01 1.778974358974358960e+00
1.976178412492292924e-01 7.273684210526315530e-01 1.778974358974358960e+00
1.792733596491530856e-01 7.778947368421053055e-01 1.778974358974358960e+00
1.627058363042621913e-01 8.284210526315789469e-01 1.778974358974358960e+00
1.453661561252579115e-01 8.789473684210525883e-01 1.778974358974358960e+00
1.260945251723185057e-01 9.294736842105263408e-01 1.778974358974358960e+00
1.015580125761371133e-01 9.799999999999999822e-01 1.778974358974358960e+00
1.700892121279487523e-01 2.000000000000000042e-02 1.829230769230769216e+00
1.820286327752328737e-01 7.052631578947368696e-02 1.829230769230769216e+00
2.085905571427879579e-01 1.210526315789473700e-01 1.829230769230769216e+00
2.293159696931889036e-01 1.715789473684210253e-01 1.829230769230769216e+00
2.364193498297919305e-01 2.221052631578947223e-01 1.829230769230769216e+00
2.349222303615393637e-01 2.726315789473684470e-01 1.829230769230769216e+00
2.505382279063168016e-01 3.231578947368420884e-01 1.829230769230769216e+00
2.611183837712873768e-01 3.736842105263157854e-01 1.829230769230769216e+00
2.625707108288836134e-01 4.242105263157894823e-01 1.829230769230769216e+00
2.566934614668990866e-01 4.747368421052631793e-01 1.829230769230769216e+00
2.444682273698740860e-01 5.252631578947368762e-01 1.829230769230769216e+00
2.289650654016831821e-01 5.757894736842105177e-01 1.829230769230769216e+00
2.122460071538185000e-01 6.263157894736841591e-01 1.829230769230769216e+00
1.963250522967300016e-01 6.768421052631579116e-01 1.829230769230769216e+00
1.796437750511491460e-01 7.273684210526315530e-01 1.829230769230769216e+00
1.639624017052733196e-01 7.778947368421053055e-01 1.829230769230769216e+00
1.492776017499036767e-01 8.284210526315789469e-01 1.829230769230769216e+00
1.322937199607873981e-01 8.789473684210525883e-01 1.829230769230769216e+00
1.146785921501964900e-01 9.294736842105263408e-01 1.829230769230769216e+00
9.335288144388118048e-02 9.799999999999999822e-01 1.829230769230769216e+00
1.801652137716550361e-01 2.000000000000000042e-02 1.879487179487179471e+00
1.929819764108039182e-01 7.052631578947368696e-02 1.879487179487179471e+00
2.188208263871802006e-01 1.210526315789473700e-01 1.879487179487179471e+00
2.323170949121432793e-01 1.715789473684210253e-01 1.879487179487179471e+00
2.339600905240592499e-01 2.221052631578947223e-01 1.879487179487179471e+00
2.367443497508477657e-01 2.726315789473684470e-01 1.879487179487179471e+00
2.563583121985046898e-01 3.231578947368420884e-01 1.879487179487179471e+00
2.669137197808919559e-01 3.736842105263157854e-01 1.879487179487179471e+00
2.613970472124936828e-01 4.242105263157894823e-01 1.879487179487179471e+00
2.485703860103355978e-01 4.747368421052631793e-01 1.879487179487179471e+00
2.318913212400405266e-01 5.252631578947368762e-01 1.879487179487179471e+00
2.140795401827874367e-01 5.757894736842105177e-01 1.879487179487179471e+00
1.961788183175571798e-01 6.263157894736841591e-01 1.879487179487179471e+00
1.794548155255889232e-01 6.768421052631579116e-01 1.879487179487179471e+00
1.633073005186135851e-01 7.273684210526315530e-01 1.879487179487179471e+00
1.483449685542839458e-01 7.778947368421053055e-01 1.879487179487179471e+00
1.340166271285706534e-01 8.284210526315789469e-01 1.879487179487179471e+00
1.193643864154655815e-01 8.789473684210525883e-01 1.879487179487179471e+00
1.052969312537242047e-01 9.294736842105263408e-01 1.879487179487179471e+00
8.899540431727566425e-02 9.799999999999999822e-01 1.879487179487179471e+00
1.862378776589604101e-01 2.000000000000000042e-02 1.929743589743589727e+00
2.029886780533566026e-01 7.052631578947368696e-02 1.929743589743589727e+00
2.269465220829760266e-01 1.210526315789473700e-01 1.929743589743589727e+00
2.422030514010544699e-01 1.715789473684210253e-01 1.929743589743589727e+00
2.467429792642883701e-01 2.221052631578947223e-01 1.929743589743589727e+00
2.512242496002148884e-01 2.726315789473684470e-01 1.929743589743589727e+00
2.691568652930379502e-01 3.231578947368420884e-01 1.929743589743589727e+00
2.755017121523551937e-01 3.736842105263157854e-01 1.929743589743589727e+00
2.654806734401169432e-01 4.242105263157894823e-01 1.929743589743589727e+00
2.477862937920009279e-01 4.747368421052631793e-01 1.929743589743589727e+00
2.300872712112649598e-01 5.252631578947368762e-01 1.929743589743589727e+00
2.131753459016449137e-01 5.757894736842105177e-01 1.929743589743589727e+00
1.958807226046647143e-01 6.263157894736841591e-01 1.929743589743589727e+00
1.787361782106297592e-01 6.768421052631579116e-01 1.929743589743589727e+00
1.635005663252981634e-01 7.273684210526315530e-01 1.929743589743589727e+00
1.492349070926454468e-01 7.778947368421053055e-01 1.929743589743589727e+00
1.368787195424616410e-01 8.284210526315789469e-01 1.929743589743589727e+00
1.239822946444744667e-01 8.789473684210525883e-01 1.929743589743589727e+00
1.100012315780859035e-01 9.294736842105263408e-01 1.929743589743589727e+00
9.415401932857812850e-02 9.799999999999999822e-01 1.929743589743589727e+00
2.045397889260701929e-01 2.000000000000000042e-02 1.979999999999999982e+00
2.146207152082375003e-01 7.052631578947368696e-02 1.979999999999999982e+00
2.428205836719970201e-01 1.210526315789473700e-01 1.979999999999999982e+00
2.635389594226796306e-01 1.715789473684210253e-01 1.979999999999999982e+00
2.757919460850550841e-01 2.221052631578947223e-01 1.979999999999999982e+00
2.897313320227246081e-01 2.726315789473684470e-01 1.979999999999999982e+00
3.091639010780574126e-01 3.231578947368420884e-01 1.979999999999999982e+00
3.221577243563903403e-01 3.736842105263157854e-01 1.979999999999999982e+00
3.192958210409975739e-01 4.242105263157894823e-01 1.979999999999999982e+00
3.036963884302947281e-01 4.747368421052631793e-01 1.979999999999999982e+00
2.870259144705926690e-01 5.252631578947368762e-01 1.979999999999999982e+00
2.691240694832141567e-01 5.757894736842105177e-01 1.979999999999999982e+00
2.462200399237729764e-01 6.263157894736841591e-01 1.979999999999999982e+00
2.236165920511205829e-01 6.768421052631579116e-01 1.979999999999999982e+00
2.033946985301549881e-01 7.273684210526315530e-01 1.979999999999999982e+00
1.840928109537476320e-01 7.778947368421053055e-01 1.979999999999999982e+00
1.658938197848423279e-01 8.284210526315789469e-01 1.979999999999999982e+00
1.471574591527818332e-01 8.789473684210525883e-01 1.979999999999999982e+00
1.297587240744305370e-01 9.294736842105263408e-01 1.979999999999999982e+00
1.064482513431060373e-01 9.799999999999999822e-01 1.979999999999999982e+00
